The relations obtained by plugging in triples:
[[ 0 -1  0 ...,  0  0  0]
 [ 0 -1  1 ...,  0  0  0]
 [ 0 -1  0 ...,  0  0  0]
 ..., 
 [ 0  0  0 ...,  0 -1  0]
 [ 0  0  0 ...,  1 -1  0]
 [ 0  0  0 ...,  0 -1  0]]

[[0 1 0 ..., 1 0 0]
 [0 0 1 ..., 1 0 0]
 [0 0 0 ..., 1 0 0]
 ..., 
 [0 0 0 ..., 0 1 0]
 [0 0 0 ..., 0 0 0]
 [0 0 0 ..., 1 0 0]]

[[0 0 0 ..., 0 0 0]
 [0 1 0 ..., 0 0 0]
 [0 0 1 ..., 0 0 0]
 ..., 
 [0 0 0 ..., 1 0 0]
 [0 0 0 ..., 0 1 0]
 [0 0 0 ..., 0 0 0]]

[[0 0 0 ..., 0 0 0]
 [0 0 0 ..., 1 0 0]
 [0 0 0 ..., 1 0 0]
 ..., 
 [0 0 0 ..., 1 0 0]
 [0 0 0 ..., 0 1 0]
 [0 0 0 ..., 0 0 0]]

Transpose
[[0 0 0 ..., 0 0 0]
 [0 0 0 ..., 0 0 0]
 [0 0 0 ..., 0 0 0]
 ..., 
 [0 1 1 ..., 1 0 0]
 [0 0 0 ..., 0 1 0]
 [0 0 0 ..., 0 0 0]]

remove trivial
[[0 0 0 ..., 0 0 0]
 [0 0 1 ..., 0 0 0]
 [0 0 0 ..., 0 0 0]
 ..., 
 [0 0 0 ..., 0 0 0]
 [0 1 1 ..., 1 0 0]
 [0 0 0 ..., 0 1 0]]

row reduce
[[0 1 0 ..., 0 0 0]
 [0 0 1 ..., 0 1 0]
 [0 0 0 ..., 0 0 0]
 ..., 
 [0 0 0 ..., 0 0 0]
 [0 0 0 ..., 0 0 0]
 [0 0 0 ..., 0 0 0]]

Coboundary matrix:
[[ 0  1  1 ..., -1  0  0]
 [ 0  0 -1 ...,  0  0  0]
 [ 0  0  0 ...,  0  0  0]
 ..., 
 [ 0  0  0 ...,  0  0  0]
 [ 0  0  0 ...,  0  0  0]
 [ 0  0  0 ...,  1  1  0]]

Coboundaries reduced over a group:
[[0 1 0 ..., 0 0 0]
 [0 0 1 ..., 0 1 0]
 [0 0 0 ..., 0 0 0]
 ..., 
 [0 0 0 ..., 0 0 0]
 [0 0 0 ..., 0 0 0]
 [0 0 0 ..., 0 0 0]]

[[0 0 0 ..., 0 0 0]
 [0 0 0 ..., 0 0 0]
 [0 0 0 ..., 0 0 0]
 ..., 
 [0 0 0 ..., 0 0 0]
 [0 0 0 ..., 0 0 0]
 [0 0 0 ..., 0 0 0]]

We have
1 x 900 dense matrix over Finite Field of size 2 (type 'print function.str()' to see all of the entries)

[Finished in 490.1s]